2 0.38592875318066155 0.5453325508607199 0.13116200169635278 0.05059467918622854
42 0.5395419847328244 0.5404929577464789 0.10358778625954189 0.05998043818466352
0 0.3344868532654792 0.6637636932707355 0.13162001696352846 0.06533255086071979
38 0.4629177268871925 0.6638732394366197 0.09087362171331641 0.05696791862284825
5 0.5925445292620866 0.6608763693270736 0.09178965224766754 0.06050860719874799
39 0.7202374893977948 0.6616940532081377 0.10122137404580146 0.05356416275430354
2 0.18636980491942323 0.7446635367762128 0.10819338422391858 0.04885758998435059
9 0.30704834605597964 0.7447143974960876 0.1056827820186599 0.053728482003129865
38 0.43083121289228155 0.7436854460093897 0.08456318914334181 0.048086854460093836
3 0.5551399491094148 0.7411463223787167 0.09758269720101777 0.05230829420970259
42 0.692052586938083 0.7421048513302034 0.10892281594571677 0.061854460093896675
29 0.2203053435114504 0.925442097026604 0.16780322307039866 0.09772300469483558
25 0.4131976251060221 0.9251095461658841 0.16503816793893133 0.09801643192488253
17 0.6075063613231552 0.9254381846635368 0.17338422391857514 0.10057902973395928