2 0.39691263782866837 0.5428247261345853 0.08431721798134009 0.042194835680751136
42 0.5337234944868533 0.535121283255086 0.0811280746395251 0.04879890453834117
5 0.33566581849024596 0.6521635367762129 0.09226463104325698 0.06420579029733964
0 0.4661153519932146 0.6664710485133021 0.06681085665818488 0.04879890453834117
38 0.5997455470737914 0.6639006259780907 0.07318066157760812 0.05246478873239433
39 0.7142832909245123 0.663169014084507 0.08908396946564884 0.04953051643192485
39 0.18453774385072094 0.7446205007824727 0.08272264631043255 0.04953051643192485
32 0.3014588634435963 0.7471870109546166 0.08749787955894824 0.05466744913928013
0 0.42872773536895675 0.7438849765258215 0.06522476675148434 0.048063380281690105
40 0.5460474978795589 0.7429694835680751 0.10261238337574217 0.05356807511737092
17 0.21993214588634438 0.9231142410015649 0.17896522476675147 0.10126369327073549
23 0.4163952502120441 0.9223826291079813 0.17737913486005089 0.09832942097026601
21 0.6069041560644614 0.9260524256651016 0.17658184902459717 0.10126369327073549