42 0.4153180661577609 0.5331259780907669 0.09841391009329943 0.05661580594679188
2 0.5285411365564037 0.5452073552425665 0.11564885496183198 0.05665492957746477
2 0.1807379134860051 0.7456611893583724 0.11708227311280749 0.04501956181533653
0 0.33859202714164544 0.6600039123630673 0.13062765055131467 0.0594679186228482
38 0.46582697201017814 0.660481220657277 0.07254452926208649 0.053192488262910814
38 0.4301441899915182 0.7450312989045383 0.07329092451229859 0.04858763693270737
9 0.5482273112807464 0.7442840375586854 0.11434266327396093 0.04588419405320822
5 0.600186598812553 0.658556338028169 0.08363019508057669 0.055367762128325504
39 0.7193044953350296 0.6622222222222223 0.08860050890585244 0.048223787167449225
42 0.6946140797285836 0.738141627543036 0.10397794741306185 0.04566510172143967
29 0.21709923664122138 0.9248982785602504 0.1694571670907549 0.09952269170579034
16 0.4149279050042409 0.9225039123630673 0.17346904156064466 0.09714397496087644
18 0.6066242578456319 0.9237754303599375 0.17245122985580996 0.09969092331768403