32 0.46436810856658184 0.5831611893583725 0.09484308736217127 0.050352112676056264
39 0.3426802374893978 0.6619874804381847 0.08768447837150127 0.049526604068857644
38 0.4679474130619169 0.6624021909233176 0.08768447837150131 0.050352112676056264
0 0.5949957591178965 0.664878716744914 0.08410517387616631 0.04705007824726143
3 0.1825275657336726 0.7449413145539906 0.08589482612383374 0.04870109546165885
39 0.30331636980491944 0.7412284820031299 0.08768447837150127 0.05282863849765266
6 0.4285750636132316 0.7391666666666666 0.10200169635284143 0.06025430359937411
16 0.21742154368108565 0.923235524256651 0.1592620865139949 0.0932707355242565
41 0.2881000848176421 0.8811384976525822 0.0501017811704835 0.02723787167449135
15 0.41336726039016114 0.9236463223787168 0.17536895674300254 0.10400234741784034
18 0.6093129770992366 0.92570813771518 0.17715860899067015 0.09987480438184654