5 0.20789652247667517 0.6631377151799687 0.07583545377438504 0.05247261345852891
39 0.33865139949109413 0.6616314553990611 0.0863019508057676 0.04583724569640057
39 0.3098897370653096 0.7421478873239437 0.09152671755725188 0.05729655712050071
40 0.6831891433418151 0.7373239436619718 0.10591178965224758 0.05367762128325501
38 0.4654877014418999 0.6577112676056338 0.1019847328244275 0.0681533646322378
0 0.5936217133163698 0.6613302034428794 0.1019847328244275 0.06212050078247269
2 0.4040288379983037 0.5431142410015649 0.09413910093299407 0.04885367762128321
42 0.5334775233248515 0.537085289514867 0.08106870229007627 0.0512676056338028
29 0.21966921119592875 0.9236893583724569 0.17259541984732826 0.0958959311424099
41 0.2915776081424936 0.8853912363067292 0.047073791348600506 0.028951486697965573
17 0.4164546225614928 0.9224804381846636 0.1712892281594572 0.10072378716744906
20 0.6080067854113655 0.92429186228482 0.17782866836301958 0.09951486697965559