3 0.18411365564037319 0.7451134585289515 0.07248515691263784 0.043133802816901406
1 0.30589482612383373 0.7477856025039123 0.08988125530110265 0.045805946791862256
40 0.5530703986429177 0.7454460093896713 0.0942324003392705 0.05048904538341165
5 0.33126378286683633 0.6534976525821596 0.10003392705682777 0.06720657276995314
0 0.4704325699745547 0.6571752738654147 0.09423240033927054 0.06118544600938962
38 0.6009075487701442 0.6561737089201878 0.08553011026293462 0.060520344287949945
39 0.7205173876166243 0.6655359937402191 0.09568278201865983 0.05516823161189349
42 0.5385750636132316 0.5394835680751174 0.091331636980492 0.051827073552425586
2 0.38997455470737913 0.5391471048513302 0.13337574215436812 0.05784428794992172
14 0.21673452078032232 0.9256651017214398 0.169618320610687 0.09395539906103272
22 0.4204240882103478 0.9253286384976526 0.16816793893129775 0.10131064162754297
24 0.6045377438507209 0.9243270735524256 0.1681679389312977 0.09796557120500768