36 0.2763698049194232 0.5328364632237872 0.1428413910093299 0.06875195618153365
32 0.40678541136556406 0.5378482003129891 0.11489397794741309 0.06588810641627538
32 0.6792705682782019 0.74768779342723 0.1009245122985581 0.05442879499217523
2 0.528668363019508 0.5425039123630674 0.09470737913486012 0.04368544600938962
37 0.6505513146734521 0.5328364632237872 0.09315521628498721 0.0701838810641627
33 0.78019508057676 0.5360602503912363 0.12887192536047504 0.06517214397496085
38 0.46656488549618325 0.664252738654147 0.08229007633587784 0.050848982785602424
3 0.3058693808312129 0.7426760563380281 0.06520780322307039 0.0501330203442879
40 0.17544529262086514 0.741244131455399 0.08073791348600509 0.04583724569640057
23 0.21892281594571672 0.9249413145539906 0.1645801526717557 0.09955007824726128
17 0.4168787107718405 0.9242253521126761 0.17234096692111964 0.10098200312989032
28 0.6125106022052587 0.9235093896713614 0.17234096692111964 0.10241392801251974