2 0.46681933842239187 0.5797809076682316 0.10339270568278204 0.04057511737089203
0 0.59490245971162 0.6659115805946791 0.0725275657336726 0.04769170579029738
38 0.465275657336726 0.660575117370892 0.0972179813401187 0.04555555555555558
38 0.5570907548770144 0.7449256651017214 0.07715860899067008 0.04769170579029738
32 0.43595419847328243 0.7459937402190924 0.07870229007633585 0.049827856025039176
39 0.31249363867684476 0.7431455399061033 0.07870229007633585 0.04697965571205005
39 0.3379558948261238 0.660575117370892 0.08950805767599658 0.04555555555555558
5 0.20755725190839697 0.661283255086072 0.08178965224766752 0.05410015649452277
3 0.1820949957591179 0.7449256651017214 0.06789652247667516 0.0462676056338029
11 0.21990670059372347 0.9246596244131455 0.16203562340966918 0.09680751173708904
17 0.41511450381679393 0.9246596244131455 0.16975402883799828 0.09965571205007835
24 0.6103307888040713 0.9239475743348984 0.17129770992366417 0.10107981220657264