7 0.39650551314673455 0.5276134585289515 0.12698049194232403 0.06593505477308302
8 0.5260729431721798 0.5286502347417841 0.14760814249363866 0.08104460093896718
31 0.6658863443596268 0.5250938967136151 0.1799236641221373 0.0853442879499217
40 0.2617726887192536 0.61429186228482 0.12074639525021205 0.06490219092331763
6 0.40018659881255303 0.6123630672926448 0.12727735368956747 0.07408450704225357
3 0.5345547073791349 0.6186345852895149 0.10273960983884657 0.063810641627543
3 0.183019508057676 0.7437323943661972 0.07277353689567431 0.04752738654147105
7 0.30653095843935535 0.7367801251956182 0.10073791348600507 0.04910798122065727
32 0.42466497031382533 0.7396517996870109 0.10733672603901613 0.06300469483568073
8 0.5503053435114503 0.7375430359937403 0.12187446988973712 0.07019953051643187
31 0.6900508905852418 0.7365453834115806 0.152264631043257 0.06493740219092332