32 0.5534181509754029 0.7460680751173709 0.0921798134011875 0.05066118935837255
32 0.3010602205258694 0.7460680751173709 0.10787107718405424 0.05789906103286394
40 0.17357930449533504 0.7436541471048513 0.0804156064461408 0.038599374021909175
0 0.20692111959287535 0.6580125195618154 0.09480067854113657 0.05066118935837237
38 0.33963528413910093 0.6583137715179969 0.08826123833757427 0.05729655712050071
5 0.5880661577608143 0.6580125195618154 0.09871925360474987 0.05789906103286376
39 0.7188210347752333 0.6571087636932708 0.11179813401187443 0.05729655712050071
42 0.5442663273960985 0.5304499217527386 0.11310432569974548 0.06573943661971839
2 0.40043256997455473 0.5422104851330204 0.11571670907548776 0.06272691705790294
11 0.21933842239185752 0.9254968701095462 0.17455470737913484 0.09710485133020337
25 0.4122052586938083 0.9251956181533647 0.1732485156912638 0.09770735524256642
20 0.6083375742154368 0.92429186228482 0.1732485156912638 0.0958959311424099