2 0.38592875318066155 0.5432316118935837 0.13823579304495337 0.050598591549295746
42 0.5356403731976251 0.5372887323943661 0.0962171331636981 0.05203442879499218
0 0.3323918575063613 0.6579968701095461 0.15177268871925365 0.0630829420970267
38 0.46108566581849025 0.6632863849765258 0.07792196776929607 0.041537558685446035
5 0.5891687871077184 0.659491392801252 0.0877608142493639 0.05901408450704231
39 0.7178032230703986 0.660320813771518 0.09871925360474987 0.04814162754303607
32 0.5521628498727735 0.7472104851330204 0.13605597964376598 0.05188967136150239
34 0.3055894826123834 0.7478716744913928 0.15252756573367263 0.059479655712050154
2 0.17989821882951654 0.7448513302034429 0.10564885496183206 0.0408998435054773
29 0.21791348600508909 0.9237910798122065 0.1708227311280746 0.09789123630672927
25 0.41464800678541136 0.9247183098591549 0.171891433418151 0.09974960876369328
27 0.6091433418150975 0.9253521126760562 0.17017811704834615 0.10023474178403749