42 0.5371077184054284 0.5355985915492958 0.08692960135708228 0.04725743348982784
32 0.39817642069550463 0.5420422535211268 0.08848176420695508 0.04296165884194051
5 0.33219677692960137 0.6526721439749609 0.09624257845631894 0.06372848200312985
0 0.46802374893977944 0.6651995305164319 0.07606446140797292 0.03866588419405318
38 0.5960983884648007 0.6637676056338028 0.08072094995759124 0.04582550860719879
39 0.7202798982188295 0.6600078247261346 0.0900339270568279 0.0511971830985916
8 0.5534096692111959 0.7369835680751173 0.12574215436810857 0.06480046948356812
40 0.29804919423240034 0.7398474178403756 0.09313825275657332 0.049049295774647846
3 0.18472434266327395 0.7437871674491392 0.07451229855810006 0.045469483568075036
19 0.21888040712468193 0.9238693270735524 0.16144189991518237 0.0991705790297338
24 0.41446988973706533 0.9245852895148668 0.1800678541136557 0.09773865414710474
17 0.6092875318066158 0.9249452269170578 0.17230703986429186 0.10131846635367772