2 0.31419444444444444 0.5392916666666667 0.09808333333333329 0.06123437500000003
33 0.5249074074074074 0.528375 0.14012037037037037 0.08184895833333337
9 0.7232314814814815 0.5392916666666667 0.09700925925925924 0.062447916666666714
0 0.2597592592592593 0.6593333333333333 0.1013148148148148 0.06487499999999997
5 0.4704814814814815 0.6614583333333334 0.07221296296296296 0.054567708333333326
38 0.6833518518518519 0.6641875 0.06898148148148148 0.051536458333333236
5 0.23442592592592593 0.7426979166666666 0.07005555555555552 0.050927083333333435
3 0.3438333333333333 0.7402760416666666 0.058203703703703716 0.052140625000000065
32 0.5453888888888889 0.745125 0.08407407407407404 0.052140625000000065
16 0.2689166666666667 0.9221614583333333 0.14550925925925923 0.10064583333333346
24 0.43059259259259264 0.9224635416666668 0.14550925925925923 0.10125000000000005
17 0.5911944444444445 0.9245833333333333 0.1476666666666667 0.10064583333333346