33 0.5239166666666667 0.5377604166666666 0.11882407407407405 0.0703125
39 0.26775 0.580296875 0.08178703703703705 0.044270833333333336
2 0.730712962962963 0.6184895833333334 0.10339814814814821 0.0477447916666667
0 0.26157407407407407 0.662328125 0.07252777777777779 0.04514062500000004
5 0.4683611111111111 0.6627604166666666 0.08178703703703707 0.05642187499999996
38 0.6821018518518518 0.6644947916666666 0.0864166666666666 0.05295312500000004
3 0.23765740740740743 0.74609375 0.08024999999999999 0.0477447916666667
7 0.3410462962962963 0.7391510416666667 0.08641666666666671 0.059895833333333336
40 0.4398148148148148 0.7378489583333334 0.08333333333333333 0.0538177083333333
9 0.5354907407407408 0.7456614583333334 0.08950925925925933 0.050348958333333374
25 0.26851851851851855 0.9244791666666666 0.1388888888888889 0.09722395833333337
20 0.4336388888888888 0.9244791666666666 0.13888888888888884 0.09722395833333337
41 0.6520092592592592 0.884984375 0.04784259259259266 0.028645833333333332
28 0.5910462962962963 0.924046875 0.13580555555555562 0.09635416666666667