2 0.3075185185185185 0.5435520833333333 0.10136111111111114 0.048734375000000024
37 0.4155185185185185 0.5337031250000001 0.08029629629629632 0.07210416666666669
36 0.5169259259259259 0.5371875 0.10530555555555557 0.05059374999999999
33 0.6264166666666666 0.5338802083333333 0.10325925925925925 0.061348958333333314
3 0.5207685185185185 0.61925 0.07718518518518509 0.05357812499999994
3 0.23609259259259258 0.7469791666666666 0.0745925925925926 0.03885416666666662
5 0.6226759259259259 0.6172447916666666 0.07478703703703703 0.05026041666666667
8 0.33755555555555555 0.74 0.10341666666666662 0.06586979166666657
38 0.4401481481481482 0.7447083333333333 0.06904629629629623 0.05028645833333343
0 0.5438888888888889 0.7451458333333334 0.061675925925925836 0.041437499999999974
9 0.6465092592592593 0.7494947916666667 0.09280555555555557 0.055687500000000036
22 0.2685925925925926 0.9233020833333333 0.1383518518518518 0.09908854166666667
30 0.4286111111111111 0.92425 0.13858333333333334 0.10167187500000002
24 0.5889722222222222 0.9244375 0.14321296296296304 0.09857812499999999