2 0.41897222222222225 0.5416354166666667 0.07377777777777783 0.04769270833333336
33 0.5224722222222222 0.5357552083333333 0.11561111111111107 0.06193750000000004
9 0.6265277777777778 0.5434947916666667 0.07267592592592594 0.04769270833333336
40 0.4690648148148148 0.654671875 0.09469444444444448 0.06441666666666658
40 0.3094074074074074 0.620296875 0.07707407407407409 0.04893229166666657
0 0.7421388888888889 0.6215364583333333 0.10130555555555563 0.061317708333333346
3 0.4398888888888889 0.7454114583333333 0.06496296296296293 0.04769270833333342
37 0.3418888888888889 0.7385937499999999 0.07597222222222218 0.06751041666666661
33 0.23398148148148148 0.7376666666666666 0.10239814814814818 0.06565104166666676
26 0.26812037037037034 0.9231666666666667 0.13984259259259257 0.09971875000000002
41 0.3281296296296296 0.884765625 0.05064814814814819 0.032828125000000104
30 0.42998148148148146 0.9237864583333334 0.14644444444444446 0.10095833333333341
27 0.5879907407407408 0.92471875 0.1453425925925926 0.09909895833333332