38 0.6851296296296296 0.664671875 0.0695277777777777 0.048937500000000016
40 0.4647777777777777 0.5746197916666667 0.09092592592592591 0.061375000000000075
7 0.4191388888888889 0.5343072916666666 0.07237962962962959 0.05294791666666665
33 0.5253888888888889 0.53490625 0.1080370370370371 0.06458333333333334
37 0.6252314814814814 0.5331041666666666 0.07380555555555558 0.06899479166666662
0 0.26462962962962966 0.666234375 0.0629537037037037 0.04146874999999994
0 0.44799999999999995 0.7466614583333333 0.06512037037037041 0.047249999999999896
32 0.3379537037037037 0.7455625 0.08464814814814811 0.061166666666666696
26 0.271537037037037 0.9217447916666667 0.14455555555555555 0.09999479166666655
24 0.4336759259259259 0.9232083333333333 0.14586111111111108 0.10439062499999992
12 0.5925648148148148 0.922109375 0.15107407407407414 0.10658854166666672