9 0.41508333333333336 0.54365625 0.08069444444444443 0.04706770833333328
36 0.5211111111111111 0.538203125 0.10943518518518523 0.05834895833333338
40 0.3114722222222222 0.6208020833333333 0.07998148148148147 0.047354166666666704
5 0.6266851851851852 0.6170208333333334 0.07232407407407399 0.05414583333333335
3 0.23584259259259258 0.7426041666666666 0.0586574074074074 0.049494791666666774
8 0.3345925925925926 0.7403229166666667 0.1076574074074074 0.06581770833333328
2 0.4404537037037037 0.7460364583333334 0.10127777777777777 0.049838541666666694
41 0.32960185185185187 0.8814583333333333 0.04895370370370371 0.028317708333333278
41 0.4906574074074074 0.8777916666666666 0.05086111111111112 0.030119791666666628
13 0.2689259259259259 0.9228958333333334 0.13875 0.09814062499999991
19 0.4318240740740741 0.9234114583333334 0.13737962962962968 0.10047395833333325
21 0.5890740740740741 0.9226354166666667 0.14094444444444448 0.10022916666666669