5 0.3132685185185185 0.541234375 0.0709907407407407 0.0616302083333333
32 0.4174351851851852 0.54296875 0.0848796296296296 0.058161458333333374
2 0.519287037037037 0.5416666666666666 0.0941388888888889 0.050348958333333374
2 0.2337962962962963 0.7473958333333334 0.09722222222222222 0.0625
36 0.3456759259259259 0.7447916666666666 0.1111111111111111 0.059026041666666626
7 0.6257685185185186 0.5347239583333334 0.0725277777777777 0.052083333333333336
39 0.6296296296296297 0.6223958333333334 0.09876851851851859 0.057291666666666664
0 0.4760833333333333 0.671875 0.09104629629629628 0.0625
14 0.2708333333333333 0.9266510416666667 0.1311759259259259 0.09808854166666663
30 0.4313240740740741 0.9253489583333334 0.14043518518518514 0.1006927083333333
28 0.5910462962962963 0.9253489583333334 0.13580555555555562 0.09895833333333333