8 0.41824999999999996 0.53675 0.09659259259259263 0.06775520833333334
8 0.6259166666666667 0.5356458333333334 0.08642592592592585 0.06203645833333334
33 0.7326759259259259 0.5349895833333334 0.10441666666666664 0.06511458333333332
0 0.3202037037037037 0.6233854166666667 0.08684259259259255 0.06429166666666669
9 0.5231759259259259 0.542109375 0.07711111111111109 0.04320312499999997
9 0.31317592592592597 0.5385104166666667 0.08015740740740734 0.03943229166666669
40 0.23696296296296296 0.7420260416666667 0.07908333333333335 0.05931250000000006
37 0.33455555555555555 0.737296875 0.08356481481481481 0.06877604166666676
32 0.5465648148148148 0.7445520833333333 0.07459259259259254 0.055526041666666734
15 0.271212962962963 0.9233958333333334 0.1360925925925926 0.10035937500000003
12 0.4294444444444445 0.9233958333333334 0.1426018518518519 0.09743229166666675
20 0.593537037037037 0.9215625000000001 0.1452129629629629 0.10402604166666668