35 0.5000648148148149 0.5729114583333333 0.09417592592592595 0.05266666666666661
38 0.729037037037037 0.5413645833333334 0.06040740740740742 0.047312500000000014
38 0.2615648148148148 0.6612343749999999 0.06023148148148146 0.042885416666666745
32 0.3594351851851852 0.5825052083333334 0.09568518518518522 0.04854687500000002
0 0.5181759259259259 0.6222552083333334 0.07275925925925919 0.039901041666666734
9 0.6779814814814815 0.584640625 0.08077777777777778 0.04167708333333332
33 0.6849814814814814 0.6560052083333333 0.10738888888888891 0.06080208333333322
2 0.23073148148148148 0.7478125 0.0868333333333333 0.04786979166666659
2 0.4418055555555555 0.7459635416666667 0.08391666666666661 0.04720833333333327
8 0.34181481481481485 0.7345520833333333 0.13249074074074077 0.08719791666666671
36 0.545712962962963 0.7466458333333333 0.10441666666666664 0.05982812499999994
5 0.6511944444444444 0.7398802083333333 0.0794259259259259 0.07050000000000006
41 0.6489259259259259 0.8810677083333334 0.05147222222222215 0.02868229166666675
14 0.27016666666666667 0.9239947916666666 0.13644444444444445 0.10059895833333338
29 0.4309259259259259 0.9259583333333333 0.13960185185185184 0.10122916666666673
23 0.588212962962963 0.9247916666666666 0.13537962962962966 0.0978854166666667