39 0.2569444444444444 0.58203125 0.08178703703703705 0.05642187499999996
2 0.41126851851851853 0.5464427083333334 0.09722222222222222 0.051213541666666626
33 0.5231481481481481 0.5360260416666667 0.10802777777777779 0.0616302083333333
0 0.26002777777777775 0.6644947916666666 0.06944444444444445 0.05642187499999996
5 0.46913888888888894 0.662328125 0.07407407407407413 0.06076562500000004
38 0.679787037037037 0.6644947916666666 0.06018518518518518 0.0546875
3 0.23919444444444443 0.7426197916666666 0.07715740740740742 0.05642187499999996
7 0.3410462962962963 0.7387135416666666 0.08641666666666671 0.057291666666666664
29 0.26928703703703705 0.9249114583333333 0.14043518518518514 0.09982812500000003
25 0.431324074074074 0.9244791666666666 0.14351851851851846 0.1006927083333333
16 0.5902777777777778 0.9244791666666666 0.13734259259259252 0.1006927083333333