2 0.31389814814814815 0.5425885416666667 0.08509259259259257 0.04886979166666663
2 0.4448148148148148 0.74409375 0.08509259259259262 0.04886979166666663
37 0.34008333333333335 0.7430885416666667 0.08033333333333333 0.06158854166666667
9 0.6495185185185185 0.7467708333333333 0.08985185185185182 0.04351562500000009
9 0.6370185185185185 0.5379010416666666 0.07675925925925935 0.062260416666666644
0 0.7280648148148148 0.6152239583333333 0.08509259259259268 0.05355729166666663
38 0.4733703703703704 0.6647604166666666 0.06843518518518521 0.05221875000000011
5 0.25975 0.6607447916666668 0.07675925925925924 0.05757291666666665
29 0.2674814814814815 0.9241718750000001 0.13508333333333333 0.09171354166666675
15 0.4275555555555555 0.9218333333333334 0.13626851851851854 0.09640104166666674
21 0.58525 0.9225 0.14222222222222214 0.09640104166666674