12 0.4313240740740741 0.9249114583333333 0.14043518518518514 0.09808854166666663
21 0.5902777777777778 0.9231770833333334 0.14043518518518525 0.09982812500000003
14 0.2700648148148148 0.924046875 0.14506481481481479 0.1015625
9 0.23148148148148148 0.7434895833333334 0.09259259259259259 0.05642187499999996
9 0.4413611111111112 0.7513020833333334 0.1018518518518519 0.0460052083333333
9 0.41512037037037036 0.5377604166666666 0.1111111111111111 0.058161458333333374
5 0.2654351851851852 0.6610260416666667 0.07407407407407407 0.051213541666666626
40 0.6836388888888889 0.6597239583333334 0.09567592592592586 0.057291666666666664
10 0.5262314814814815 0.5438385416666667 0.10185185185185185 0.07378645833333337
8 0.6234537037037038 0.5355885416666666 0.09876851851851859 0.06770833333333333
33 0.7345648148148148 0.5360260416666667 0.10185185185185185 0.0633697916666667
42 0.5555555555555556 0.7391510416666667 0.10802777777777785 0.058161458333333374
0 0.33641666666666664 0.7473958333333334 0.08641666666666671 0.04514062500000004