2 0.41435185185185186 0.5460052083333333 0.09722222222222222 0.0538177083333333
33 0.5231481481481481 0.5377604166666666 0.10802777777777779 0.0633697916666667
39 0.26234259259259257 0.578125 0.08641666666666668 0.04860937499999996
0 0.26234259259259257 0.6640625 0.08641666666666668 0.0555572916666667
5 0.4714537037037037 0.661890625 0.07562037037037034 0.058161458333333374
38 0.6828703703703703 0.6649322916666667 0.06326851851851845 0.0538177083333333
3 0.23225000000000004 0.7452239583333333 0.06944444444444448 0.051213541666666626
7 0.33564814814814814 0.7391510416666667 0.0848796296296296 0.0546875
40 0.44136111111111115 0.7417552083333334 0.09567592592592597 0.05642187499999996
9 0.5439814814814815 0.7456614583333334 0.0848796296296297 0.0555572916666667
25 0.27237962962962964 0.9244791666666666 0.13734259259259263 0.09895833333333333
20 0.4305555555555556 0.92578125 0.1419722222222222 0.09982812500000003
28 0.5910462962962963 0.923609375 0.12962962962962962 0.09895833333333333
41 0.6496944444444444 0.8815104166666666 0.05555555555555555 0.0321197916666667