32 0.3627777777777778 0.582703125 0.08520370370370368 0.04470312499999996
38 0.5227685185185186 0.538953125 0.05721296296296293 0.04464062500000002
9 0.5738518518518518 0.5836197916666667 0.0823518518518519 0.05215624999999993
38 0.2559166666666667 0.6621302083333334 0.06259259259259262 0.04310937499999999
0 0.47244444444444444 0.6635416666666667 0.07491666666666669 0.04914062499999995
33 0.6843981481481481 0.655109375 0.12089814814814809 0.061161458333333245
5 0.6505925925925926 0.738703125 0.08750925925925924 0.05426041666666658
36 0.5528055555555556 0.7399322916666667 0.09587962962962959 0.06073437500000007
2 0.4451851851851852 0.7454010416666667 0.08600925925925924 0.04920833333333334
8 0.3366574074074074 0.7319427083333333 0.13279629629629625 0.08085416666666655
2 0.22584259259259257 0.746328125 0.09513888888888886 0.04384374999999992
14 0.2694166666666667 0.9252916666666666 0.1423611111111111 0.10254166666666673
29 0.4294722222222222 0.9221510416666666 0.13872222222222227 0.09706250000000007
41 0.6496944444444444 0.8839375 0.05718518518518518 0.02865624999999999
23 0.5905 0.9231510416666667 0.13702777777777778 0.10066666666666677