35 0.49891666666666673 0.5727395833333334 0.09616666666666662 0.05219270833333335
38 0.7365370370370371 0.5430520833333333 0.06384259259259263 0.04779687499999999
38 0.2571111111111111 0.6624010416666667 0.08388888888888892 0.04974999999999999
0 0.3699074074074074 0.5839635416666666 0.06672222222222217 0.03740104166666664
9 0.6755185185185185 0.58034375 0.08367592592592582 0.04346354166666657
32 0.5193148148148148 0.6222447916666667 0.08652777777777781 0.04924479166666676
33 0.6829166666666666 0.656140625 0.11737962962962961 0.061166666666666696
5 0.6461018518518519 0.7332916666666667 0.08946296296296286 0.0709374999999999
36 0.5450185185185186 0.7436041666666667 0.11743518518518511 0.05432812499999997
2 0.4424259259259259 0.7465468749999999 0.07936111111111109 0.054890624999999936
8 0.33772222222222226 0.732796875 0.13475925925925922 0.08414583333333331
2 0.22649074074074074 0.746609375 0.09515740740740739 0.04881770833333334
14 0.27081481481481484 0.9245729166666667 0.1349351851851852 0.09794270833333343
29 0.42998148148148146 0.9236979166666667 0.13750925925925925 0.10051562499999989
41 0.6481481481481481 0.8790572916666667 0.05326851851851849 0.029052083333333437
23 0.590962962962963 0.9234270833333333 0.1368518518518518 0.09551562499999994