35 0.6804814814814815 0.5675260416666668 0.08754629629629626 0.0501562500000001
9 0.6225092592592593 0.5413229166666667 0.07004629629629638 0.03679166666666666
9 0.6223888888888889 0.6184635416666667 0.08109259259259252 0.046718749999999906
38 0.47197222222222224 0.6629583333333334 0.06109259259259261 0.044921875
5 0.26025925925925925 0.6586145833333333 0.062157407407407404 0.05621354166666658
2 0.23058333333333336 0.748734375 0.09964814814814818 0.05034374999999992
32 0.4415833333333334 0.7495937500000001 0.09554629629629624 0.05115104166666669
41 0.3273611111111111 0.8800364583333333 0.05431481481481479 0.028786458333333324
29 0.2696851851851852 0.9242239583333334 0.14073148148148149 0.09899999999999996
23 0.42839814814814814 0.9234791666666666 0.1385833333333333 0.09660416666666667
20 0.589675925925926 0.9254114583333333 0.13996296296296304 0.09865104166666659