39 0.5223796296296296 0.6163177083333333 0.06018518518518518 0.050348958333333374
33 0.6358055555555555 0.6158854166666666 0.1111111111111111 0.05295312500000004
5 0.7337962962962963 0.618921875 0.09104629629629622 0.0555572916666667
2 0.4675925925925926 0.6636302083333334 0.10493518518518517 0.05295312500000004
0 0.5748425925925926 0.665796875 0.0725277777777777 0.0555572916666667
38 0.6805555555555556 0.661890625 0.07407407407407407 0.058161458333333374
3 0.23687962962962966 0.7447916666666666 0.09722222222222225 0.052083333333333336
7 0.3418240740740741 0.740453125 0.09722222222222222 0.0555572916666667
40 0.44058333333333327 0.7387135416666666 0.09722222222222217 0.06076562500000004
9 0.5516944444444445 0.75 0.08796296296296297 0.057291666666666664
41 0.6496944444444444 0.8828125 0.05247222222222229 0.03298437499999996
25 0.2700648148148148 0.9244791666666666 0.14197222222222225 0.1006927083333333
20 0.43210185185185185 0.924046875 0.14197222222222225 0.09982812500000003
28 0.5910462962962963 0.9249114583333333 0.14506481481481487 0.09982812500000003