8 0.4174351851851852 0.5364583333333334 0.10339814814814811 0.07291666666666667
8 0.6257685185185186 0.5364583333333334 0.09413888888888895 0.06597395833333337
9 0.5231481481481481 0.5420989583333333 0.08950925925925933 0.0477447916666667
33 0.7322500000000001 0.536890625 0.10956481481481475 0.0703125
0 0.3140462962962963 0.619359375 0.10030555555555559 0.05642187499999996
40 0.23148148148148148 0.7408854166666666 0.08333333333333333 0.0477447916666667
37 0.33796296296296297 0.740015625 0.08641666666666671 0.08072916666666667
32 0.5447500000000001 0.7469635416666667 0.0864166666666666 0.05642187499999996
15 0.27237962962962964 0.9270833333333334 0.13734259259259263 0.09895833333333333
12 0.43287037037037035 0.9253489583333334 0.13425925925925927 0.09722395833333337
20 0.5949074074074074 0.924046875 0.14351851851851852 0.10329687499999997