39 0.2561759259259259 0.5794270833333334 0.08024999999999999 0.051213541666666626
2 0.41358333333333336 0.5403645833333334 0.08950925925925922 0.05295312500000004
33 0.5254629629629629 0.5347239583333334 0.11882407407407405 0.057291666666666664
5 0.25925925925925924 0.6571197916666667 0.06789814814814817 0.057291666666666664
38 0.4652777777777778 0.6649322916666667 0.08178703703703702 0.0555572916666667
0 0.6821018518518518 0.666234375 0.08950925925925933 0.0546875
3 0.2361111111111111 0.7413177083333333 0.07407407407407407 0.050348958333333374
7 0.3395092592592593 0.736546875 0.08641666666666671 0.059895833333333336
29 0.2700648148148148 0.9223072916666666 0.14506481481481479 0.1015625
25 0.431324074074074 0.9244791666666666 0.14351851851851846 0.1024322916666667
16 0.5925925925925926 0.924046875 0.13580555555555562 0.09982812500000003