9 0.31789814814814815 0.5399322916666667 0.08950925925925922 0.050348958333333374
36 0.4243796296296296 0.5342864583333333 0.10493518518518523 0.0616302083333333
32 0.5169722222222223 0.5403645833333334 0.08950925925925927 0.059895833333333336
32 0.23842592592592593 0.747828125 0.07252777777777779 0.06857812500000003
40 0.33487962962962964 0.7413177083333333 0.0709907407407407 0.04860937499999996
39 0.4714537037037037 0.5789947916666667 0.09104629629629633 0.050348958333333374
2 0.7291666666666666 0.5394947916666666 0.1003055555555555 0.05295312500000004
33 0.6257685185185186 0.5364583333333334 0.1003055555555555 0.06770833333333333
15 0.2716018518518518 0.924046875 0.132712962962963 0.09808854166666663
12 0.43287037037037035 0.9253489583333334 0.1404351851851852 0.09895833333333333
17 0.5910462962962963 0.924046875 0.14814814814814814 0.09808854166666663