35 0.6801018518518518 0.5666822916666666 0.09932407407407405 0.0514895833333334
9 0.5204259259259258 0.5425572916666667 0.09656481481481478 0.04029687499999994
40 0.6243148148148148 0.62046875 0.08474074074074073 0.05097395833333328
38 0.4708425925925926 0.6617552083333333 0.08524999999999994 0.0491458333333334
5 0.26149074074074075 0.6620520833333334 0.06914814814814813 0.05488541666666672
2 0.2284537037037037 0.746765625 0.1110277777777778 0.04932291666666657
32 0.44375925925925924 0.7463958333333333 0.09695370370370374 0.05784374999999997
41 0.3242777777777778 0.876671875 0.05562962962962967 0.033255208333333286
29 0.2687962962962963 0.9248229166666667 0.14230555555555552 0.09970833333333336
23 0.429287037037037 0.9240677083333334 0.13755555555555551 0.10128645833333323
20 0.5878981481481481 0.9238333333333333 0.1418518518518519 0.09670312500000004