2 0.3104722222222222 0.5397083333333333 0.09697222222222224 0.059968749999999994
5 0.47056481481481477 0.6595989583333334 0.06283333333333335 0.05282812499999991
5 0.2369814814814815 0.7485364583333334 0.053009259259259256 0.034364583333333344
9 0.7265185185185185 0.5401770833333334 0.1011944444444444 0.05952604166666665
38 0.6934537037037036 0.6711302083333333 0.0667962962962964 0.04315625000000007
0 0.26422222222222225 0.6614583333333334 0.07341666666666666 0.05505729166666669
33 0.5208333333333334 0.5323645833333334 0.14484259259259266 0.07961458333333328
3 0.3396203703703704 0.7433020833333334 0.07605555555555554 0.04910937499999998
32 0.545962962962963 0.7466510416666666 0.0787037037037037 0.05282812499999991
17 0.5949074074074074 0.924109375 0.1474907407407407 0.10119270833333331
24 0.42691666666666667 0.9252239583333334 0.14219444444444448 0.10342187500000008
16 0.2681851851851852 0.9244791666666666 0.1501296296296296 0.10193229166666669