35 0.6766944444444445 0.5681458333333332 0.09254629629629633 0.0496979166666667
40 0.62075 0.6194895833333334 0.08174074074074071 0.05209895833333344
9 0.6230925925925926 0.53953125 0.07906481481481491 0.040036458333333275
38 0.7356666666666667 0.5392343749999999 0.057925925925925874 0.04874479166666668
5 0.2599074074074074 0.6637916666666667 0.0934074074074074 0.05592708333333339
32 0.44170370370370377 0.7434375000000001 0.0949166666666667 0.05290624999999996
2 0.23207407407407407 0.7491614583333334 0.12596296296296292 0.05092187499999999
41 0.3253888888888889 0.87915625 0.05526851851851847 0.029692708333333446
29 0.26792592592592596 0.9244375 0.14069444444444446 0.09544791666666678
23 0.429925925925926 0.924296875 0.14304629629629637 0.09930208333333326
20 0.5902129629629629 0.9251145833333333 0.13461111111111101 0.09783333333333341