39 0.26157407407407407 0.5772552083333333 0.0910462962962963 0.052083333333333336
2 0.4089537037037037 0.5438385416666667 0.10185185185185185 0.0546875
33 0.5239166666666667 0.533421875 0.1095648148148148 0.0633697916666667
5 0.25925925925925924 0.657984375 0.07715740740740742 0.0555572916666667
0 0.4668240740740741 0.6640625 0.07562037037037034 0.04514062500000004
38 0.6782407407407407 0.66015625 0.07562037037037043 0.05295312500000004
3 0.23534259259259255 0.7430572916666667 0.06018518518518516 0.052083333333333336
7 0.33564814814814814 0.73828125 0.09104629629629633 0.0477447916666667
29 0.2700648148148148 0.9227447916666667 0.1358055555555555 0.09722395833333337
25 0.4290092592592592 0.9231770833333334 0.13888888888888884 0.1015625
16 0.591824074074074 0.9231770833333334 0.13734259259259252 0.09808854166666663