2 0.4210833333333333 0.5424791666666666 0.07401851851851857 0.046635416666666644
33 0.524712962962963 0.5348645833333333 0.1070185185185185 0.06185937499999999
9 0.6270740740740741 0.5408124999999999 0.0731759259259259 0.04996354166666664
0 0.7378981481481481 0.6176666666666667 0.10024999999999998 0.05329687499999996
40 0.5149814814814815 0.618140625 0.09771296296296293 0.059005208333333316
40 0.31110185185185185 0.6183802083333333 0.08078703703703703 0.05377083333333322
33 0.24046296296296296 0.7404375000000001 0.10193518518518521 0.0666197916666666
37 0.33690740740740743 0.7366302083333333 0.07994444444444447 0.07042708333333322
3 0.4418055555555555 0.7466197916666667 0.05118518518518516 0.04282812500000001
26 0.267537037037037 0.9248333333333334 0.14424074074074072 0.09755208333333343
41 0.32802777777777775 0.894140625 0.04695370370370374 0.026645833333333258
30 0.429962962962963 0.9234010416666667 0.1459259259259259 0.1004062500000001
27 0.5894259259259259 0.9238802083333333 0.1433888888888888 0.1004062500000001