35 0.5004166666666667 0.5735364583333333 0.10423148148148142 0.05668229166666663
38 0.7317870370370371 0.5397395833333333 0.0635648148148149 0.04543749999999994
32 0.3645740740740741 0.5825416666666666 0.08550000000000003 0.04933333333333323
38 0.25984259259259257 0.6592083333333334 0.07388888888888888 0.047703125000000075
0 0.46659259259259256 0.6619218750000001 0.09418518518518516 0.04608854166666655
33 0.6836666666666666 0.6566822916666666 0.1326203703703704 0.06519791666666658
2 0.22775925925925927 0.7460729166666666 0.09515740740740741 0.04589062500000007
2 0.4418240740740741 0.7435468749999999 0.0971111111111111 0.04700520833333333
8 0.3386111111111111 0.7326822916666667 0.13667592592592595 0.08521354166666674
36 0.5475 0.7429218750000001 0.10949074074074074 0.050161458333333304
5 0.6487407407407407 0.7396822916666667 0.09104629629629622 0.07277083333333323
41 0.6483611111111112 0.8759791666666668 0.04954629629629629 0.02897395833333339
23 0.5896666666666667 0.924375 0.14212037037037037 0.10020312499999993
29 0.4281481481481481 0.924296875 0.13556481481481483 0.10004687500000008
14 0.27014814814814814 0.9250364583333333 0.13919444444444448 0.0997656250000001