2 0.40520370370370373 0.5382916666666666 0.14138888888888893 0.0628229166666666
9 0.522425925925926 0.5457760416666667 0.0749814814814815 0.05166145833333336
32 0.6216944444444444 0.5431510416666666 0.09141666666666669 0.04974479166666672
0 0.2575 0.6611458333333334 0.08351851851851853 0.04747395833333338
40 0.4659444444444445 0.658125 0.09265740740740736 0.04812500000000005
40 0.33525925925925926 0.7371302083333333 0.09255555555555559 0.0491458333333334
38 0.6831203703703703 0.6635624999999999 0.07770370370370377 0.05454687500000001
2 0.22623148148148148 0.7443072916666666 0.11202777777777775 0.042348958333333304
3 0.44134259259259256 0.745515625 0.06126851851851848 0.06146354166666678
37 0.53475 0.7384895833333334 0.09764814814814818 0.06410416666666663
16 0.26975 0.9241875 0.13911111111111113 0.10030729166666674
23 0.4284351851851852 0.92415625 0.1405462962962963 0.09847916666666663
12 0.589787037037037 0.9241145833333333 0.13950000000000007 0.1001562500000001