2 0.42190740740740745 0.5384114583333334 0.09773148148148143 0.0628229166666666
9 0.5229907407407408 0.539671875 0.10108333333333334 0.056541666666666636
33 0.6313240740740741 0.5349583333333333 0.11225000000000002 0.06596874999999998
0 0.2582777777777778 0.6593541666666667 0.0943796296296296 0.050890625000000016
38 0.4699351851851852 0.6628072916666666 0.061990740740740784 0.05277083333333342
38 0.34875 0.7491927083333334 0.06534259259259254 0.045864583333333306
40 0.23706481481481478 0.7438541666666667 0.06757407407407409 0.041463541666666735
5 0.4442407407407407 0.74196875 0.06645370370370368 0.05277083333333342
5 0.6827037037037037 0.660921875 0.06534259259259254 0.056541666666666636
19 0.2716851851851852 0.920390625 0.13235185185185183 0.09423958333333336
22 0.4263703703703704 0.9219635416666667 0.14240740740740737 0.09863541666666673
12 0.588324074074074 0.9251041666666667 0.13793518518518522 0.09989062499999998