36 0.31789814814814815 0.537328125 0.10185185185185185 0.0625
32 0.4166666666666667 0.540796875 0.08333333333333333 0.0538177083333333
2 0.5200648148148148 0.5420989583333333 0.09567592592592591 0.058161458333333374
2 0.23765740740740743 0.748265625 0.08641666666666668 0.0538177083333333
5 0.33564814814814814 0.740453125 0.06636111111111108 0.052083333333333336
0 0.4776203703703704 0.6644947916666666 0.06944444444444445 0.049479166666666664
39 0.625 0.6241302083333333 0.08025000000000007 0.0538177083333333
7 0.6203703703703703 0.53515625 0.07715740740740734 0.05295312500000004
14 0.26851851851851855 0.924046875 0.1358055555555555 0.09808854166666663
30 0.4297870370370371 0.924046875 0.1466018518518519 0.10329687499999997
28 0.5941388888888889 0.9262135416666666 0.1327129629629629 0.09548437499999997