2 0.31275925925925924 0.542171875 0.076462962962963 0.052151041666666724
33 0.5246759259259259 0.5333697916666666 0.14388888888888893 0.07382291666666672
5 0.259175925925926 0.6600208333333334 0.0680277777777778 0.05621354166666658
38 0.4735 0.6644270833333333 0.05117592592592591 0.05282812499999991
0 0.7371944444444444 0.6193854166666667 0.08007407407407409 0.053505208333333346
9 0.7251574074074074 0.5357395833333333 0.10656481481481474 0.0514739583333333
9 0.646287037037037 0.7477343750000001 0.08849999999999993 0.05282812499999991
2 0.44580555555555557 0.7484114583333333 0.08248148148148146 0.04741145833333344
37 0.34105555555555556 0.7385885416666667 0.08248148148148152 0.0697604166666667
29 0.268212962962963 0.9255208333333333 0.12943518518518515 0.09279166666666659
15 0.42775 0.923828125 0.14509259259259263 0.09753125000000011
21 0.5908981481481481 0.9234895833333333 0.13907407407407413 0.0982083333333333