2 0.3148333333333333 0.54003125 0.0956296296296296 0.05738020833333337
5 0.468212962962963 0.6575260416666667 0.06487962962962968 0.05358333333333339
0 0.2645740740740741 0.6634322916666666 0.06562962962962962 0.05611458333333322
33 0.523712962962963 0.5288489583333333 0.1443796296296297 0.07973958333333335
9 0.7247314814814815 0.5366562500000001 0.10387962962962968 0.06075520833333338
38 0.6834722222222221 0.6617447916666667 0.057379629629629655 0.048520833333333256
32 0.5424629629629629 0.7427499999999999 0.08587962962962963 0.055270833333333276
5 0.23645370370370372 0.7408541666666667 0.06337962962962965 0.05063020833333335
14 0.2668240740740741 0.9235364583333333 0.13912962962962963 0.09534895833333341
26 0.43071296296296296 0.9235364583333333 0.1398796296296297 0.09872395833333343
20 0.5897222222222221 0.9231145833333334 0.1413796296296297 0.09703645833333331