21 0.590037037037037 0.925265625 0.13530555555555565 0.09882291666666679
41 0.4848518518518518 0.8823072916666667 0.04773148148148144 0.02527604166666677
41 0.32737037037037037 0.8788802083333334 0.04804629629629628 0.02975520833333339
19 0.428037037037037 0.9234114583333334 0.13574074074074072 0.10026562499999987
13 0.268212962962963 0.9241666666666667 0.14050925925925925 0.0935208333333333
2 0.43528703703703703 0.7459218750000001 0.0970833333333333 0.050473958333333256
8 0.33511111111111114 0.7424114583333333 0.10201851851851847 0.07128645833333327
3 0.23473148148148149 0.7435677083333334 0.0753796296296296 0.04472916666666672
40 0.30905555555555553 0.6236093749999999 0.09388888888888887 0.06463020833333341
5 0.6264722222222222 0.6199947916666667 0.08169444444444446 0.05224479166666664
9 0.41962037037037037 0.5440104166666667 0.08590740740740738 0.04565104166666671
36 0.521324074074074 0.5381197916666667 0.11335185185185187 0.057583333333333306