8 0.5179537037037036 0.53553125 0.10495370370370367 0.06229166666666662
36 0.5735925925925927 0.5799166666666667 0.1040648148148149 0.05503124999999993
2 0.35644444444444445 0.5825312500000001 0.09848148148148149 0.04482812500000009
38 0.2646851851851852 0.6606822916666667 0.07324074074074076 0.04971354166666657
0 0.4664629629629629 0.664578125 0.08173148148148146 0.04067708333333329
5 0.6776296296296297 0.6588020833333333 0.07161111111111104 0.0543697916666666
3 0.23726851851851852 0.7442760416666666 0.07199074074074074 0.044453124999999954
33 0.3416018518518519 0.737671875 0.11863888888888889 0.06840104166666663
37 0.44074074074074077 0.7355 0.08387037037037036 0.07176041666666677
34 0.6427314814814815 0.7475572916666666 0.14388888888888898 0.07064062500000005
41 0.32649074074074075 0.8847864583333334 0.05850925925925931 0.03103645833333341
14 0.2702685185185185 0.9252447916666667 0.14173148148148146 0.10075000000000003
17 0.42851851851851847 0.9236302083333333 0.1379444444444444 0.10032291666666661
21 0.5907962962962963 0.9241302083333333 0.14097222222222222 0.0978125000000001