35 0.5011481481481481 0.5744895833333333 0.09587962962962959 0.057640625000000036
32 0.36507407407407405 0.5796875 0.10213888888888883 0.051046875000000116
38 0.2627962962962963 0.66125 0.06807407407407405 0.04665624999999996
9 0.6745555555555556 0.5828697916666666 0.08661111111111108 0.05134374999999996
0 0.4698981481481482 0.6663072916666667 0.07871296296296296 0.04340625000000008
33 0.6830648148148148 0.6559166666666666 0.12737962962962956 0.0639010416666667
2 0.22894444444444442 0.7455052083333332 0.08885185185185186 0.04521354166666664
2 0.4424814814814815 0.7450677083333334 0.07999074074074078 0.044338541666666724
8 0.33564814814814814 0.7333697916666666 0.1311388888888889 0.0864895833333333
36 0.5457685185185185 0.7435364583333333 0.11391666666666664 0.0570468750000001
5 0.6507314814814814 0.7419114583333334 0.09075925925925925 0.058656249999999945
41 0.6495648148148148 0.8770104166666666 0.05173148148148138 0.027796874999999943
14 0.2731759259259259 0.9225989583333334 0.1449444444444444 0.09317708333333338
29 0.42880555555555555 0.9235156250000001 0.13895370370370363 0.09895312499999989
23 0.5877962962962964 0.9247395833333333 0.13106481481481477 0.09533854166666676