38 0.2577129629629629 0.6614583333333334 0.07099074074074073 0.050348958333333374
38 0.33719444444444446 0.740453125 0.06636111111111108 0.0538177083333333
32 0.2337962962962963 0.7469635416666667 0.08796296296296297 0.05642187499999996
32 0.4236111111111111 0.54296875 0.11574074074074074 0.051213541666666626
42 0.533175925925926 0.5399322916666667 0.0787037037037037 0.052083333333333336
2 0.6219166666666667 0.5425364583333334 0.09567592592592586 0.052083333333333336
7 0.7276203703703704 0.5338541666666666 0.08796296296296297 0.057291666666666664
0 0.6805555555555556 0.6649322916666667 0.08950925925925933 0.06076562500000004
19 0.2700648148148148 0.92578125 0.1388888888888889 0.09808854166666663
25 0.4313240740740741 0.9249114583333333 0.13734259259259263 0.09982812500000003
17 0.5910462962962963 0.9227447916666667 0.1327129629629629 0.09895833333333333