39 0.5300925925925926 0.6197916666666666 0.07562037037037043 0.046875
2 0.6288611111111111 0.615453125 0.08796296296296297 0.04860937499999996
0 0.7391944444444445 0.6263020833333334 0.08950925925925933 0.07204687499999997
33 0.4722222222222222 0.66015625 0.11419444444444443 0.07378645833333337
5 0.5748425925925926 0.6627604166666666 0.08796296296296297 0.06857812500000003
38 0.6821018518518518 0.6670989583333333 0.06173148148148155 0.0633697916666667
3 0.23919444444444443 0.744359375 0.07407407407407407 0.0633697916666667
7 0.33873148148148147 0.740453125 0.0787037037037037 0.057291666666666664
40 0.44058333333333327 0.7413177083333333 0.07870370370370365 0.0555572916666667
9 0.5501574074074074 0.7465260416666666 0.09722222222222222 0.06076562500000004
41 0.6489166666666667 0.880640625 0.054009259259259194 0.033854166666666664
25 0.27391666666666664 0.9231770833333334 0.14043518518518514 0.0946197916666667
20 0.43363888888888885 0.9249114583333333 0.132712962962963 0.09982812500000003
28 0.5925925925925926 0.9270833333333334 0.14814814814814814 0.1006927083333333