2 0.31880555555555556 0.5399010416666666 0.09517592592592589 0.05808333333333333
33 0.5265648148148149 0.5287083333333334 0.13125 0.07907812500000003
9 0.7287314814814815 0.5360520833333333 0.0926851851851851 0.051786458333333306
0 0.7383796296296297 0.6188072916666666 0.0808703703703703 0.051437500000000115
38 0.47275925925925927 0.6651666666666666 0.06220370370370366 0.048984375000000094
5 0.25722222222222224 0.6569479166666666 0.07900000000000001 0.05213541666666662
5 0.23326851851851851 0.741796875 0.0758888888888889 0.057385416666666585
32 0.545537037037037 0.7437239583333334 0.07962037037037038 0.056333333333333256
20 0.5906388888888888 0.92375 0.13872222222222216 0.10217187500000004
26 0.4295277777777778 0.924625 0.13996296296296298 0.09622395833333333
14 0.2705925925925926 0.923921875 0.13561111111111115 0.09482291666666663