35 0.7113981481481481 0.5489583333333333 0.08954629629629633 0.05293229166666672
9 0.6211203703703703 0.5424375 0.09679629629629627 0.05511458333333336
8 0.5210277777777778 0.5388906250000001 0.09795370370370367 0.06230208333333328
32 0.4199722222222222 0.5438802083333333 0.08534259259259255 0.04754166666666671
9 0.5444814814814815 0.744578125 0.08564814814814815 0.042546875000000026
9 0.24191666666666664 0.7479270833333334 0.08285185185185187 0.041635416666666696
5 0.2617129629629629 0.66021875 0.06998148148148149 0.05275520833333332
0 0.4723425925925926 0.6640520833333333 0.07163888888888895 0.05089583333333323
38 0.6823981481481481 0.6610052083333334 0.0856944444444444 0.06764583333333339
12 0.2680092592592592 0.9246822916666667 0.13840740740740742 0.0972604166666668
28 0.4310185185185185 0.9249427083333334 0.1378888888888889 0.0996822916666666
20 0.5888425925925926 0.9247864583333333 0.137138888888889 0.09746354166666672