2 0.6265462962962962 0.5434010416666666 0.08333333333333333 0.0555572916666667
36 0.41203703703703703 0.5360260416666667 0.10185185185185185 0.05295312500000004
40 0.3549351851851852 0.580296875 0.09259259259259259 0.0460052083333333
32 0.5239166666666667 0.541234375 0.09413888888888895 0.059895833333333336
39 0.4699074074074074 0.5824635416666666 0.08487962962962964 0.057291666666666664
33 0.23534259259259258 0.7391510416666667 0.11882407407407405 0.06683854166666663
41 0.3279351851851852 0.884546875 0.05092592592592592 0.02951562500000004
41 0.48842592592592593 0.8815104166666666 0.044749999999999984 0.0321197916666667
13 0.2708333333333333 0.924046875 0.1311759259259259 0.09635416666666667
25 0.4313240740740741 0.9244791666666666 0.12808333333333338 0.09548437499999997
24 0.5895092592592592 0.9227447916666667 0.14506481481481487 0.09895833333333333